SubscribeReq req = new SubscribeReq();
req.setSubReqID(1);
req.setUserName("abc");
req.setProductName("netty");
req.setAddressList(Arrays.asList("长沙", "深圳", "北京"));

同一个对象的序列化字节数据对比

java serial
[-84, -19, 0, 5, 115, 114, 0, 53, 99, 111, 109, 46, 109, 101, 110, 103, 46, 101, 120, 97, 112, 109, 108, 101,
46, 115, 101, 114, 105, 97, 108, 46, 112, 114, 111, 116, 111, 98, 117, 102, 46, 106, 97, 118, 97, 114, 97,
119, 46, 83, 117, 98, 115, 99, 114, 105, 98, 101, 82, 101, 113, 0, 0, 0, 0, 0, 0, 0, 1, 2, 0, 4, 73, 0, 8,
115, 117, 98, 82, 101, 113, 73, 68, 76, 0, 11, 97, 100, 100, 114, 101, 115, 115, 76, 105, 115, 116, 116, 0,
16, 76, 106, 97, 118, 97, 47, 117, 116, 105, 108, 47, 76, 105, 115, 116, 59, 76, 0, 11, 112, 114, 111, 100,
117, 99, 116, 78, 97, 109, 101, 116, 0, 18, 76, 106, 97, 118, 97, 47, 108, 97, 110, 103, 47, 83, 116, 114,
105, 110, 103, 59, 76, 0, 8, 117, 115, 101, 114, 78, 97, 109, 101, 113, 0, 126, 0, 2, 120, 112, 0, 0, 0, 1,
115, 114, 0, 26, 106, 97, 118, 97, 46, 117, 116, 105, 108, 46, 65, 114, 114, 97, 121, 115, 36, 65, 114, 114,
97, 121, 76, 105, 115, 116, -39, -92, 60, -66, -51, -120, 6, -46, 2, 0, 1, 91, 0, 1, 97, 116, 0, 19, 91, 76,
106, 97, 118, 97, 47, 108, 97, 110, 103, 47, 79, 98, 106, 101, 99, 116, 59, 120, 112, 117, 114, 0, 19, 91, 76,
106, 97, 118, 97, 46, 108, 97, 110, 103, 46, 83, 116, 114, 105, 110, 103, 59, -83, -46, 86, -25, -23, 29, 123,
71, 2, 0, 0, 120, 112, 0, 0, 0, 3, 116, 0, 6, -23, -107, -65, -26, -78, -103, 116, 0, 6, -26, -73, -79, -27,
-100, -77, 116, 0, 6, -27, -116, -105, -28, -70, -84, 116, 0, 5, 110, 101, 116, 116, 121, 116, 0, 3, 97, 98, 99]

protonbuf serial
[8, 1, 18, 3, 97, 98, 99, 26, 5, 110, 101, 116, 116, 121, 34, 6, -23, -107, -65, -26, -78, -103, 34, 6, -26, -73,
-79, -27, -100, -77, 34, 6, -27, -116, -105, -28, -70, -84]

性能
Java  一万次 1200毫秒
pb 一万次    250毫秒


 Java  十万次 5000毫秒
pb  十万次    600毫秒
